ans =

      2
     15
     25
     35
     38
     42
     45
     48
     49
     62
     63
     65
     74
     75
     81
     97
    102
    104
    105
    106
    109
    110
    119
    120
    121
    122
    123
    124
    125
    127
    129
    130
    132
    135
    137
    139
    140
    145
    148
    152
    154
    157
    158
    159
    160
    168
    170
    171
    178
    179
    180
    182
    183
    199
    208
    210
    212
    213
    215
    219
    220
    223
    225
    240
    242
    244
    245
    246
    250
    251
    254
    255
    257
    258
    260
    262
    263
    265
    267
    268
    269
    270
    278
    280
    284
    287
    289
    290
    293
    294
    295
    297
    306
    315
    322
    323
    324
    329
    330
    335
    337
    340
    345
    356
    359
    360
    362
    372
    373
    382
    384
    385
    391
    394
    404
    406
    408
    427
    430
    432
    433
    434
    437
    440
    442
    453
    455
    461
    462
    467
    473
    484
    492
    511
    512
    515
    518
    535
    537
    543
    546
    548
    550
    566
    576
    577
    578
    582
    584
    589
    591
    592
    595
    602
    610
    611
    612
    613
    614
    616
    618
    619
    622
    627
    628
    636
    640
    644
    645
    646
    647
    653
    660
    662
    663
    664
    667
    669
    671
    677
    678
    683
    686
    688
    695
    700
    709
    710
    712
    714
    718
    720
    723
    726
    731
    737
    742
    744
    747
    750
    751
    755
    757
    760
    761
    768
    773
    786
    789
    794
    795
    797
    798
    805
    807
    808
    809
    811
    814
    819
    821
    826
    828
    829
    831
    841
    842
    843
    854
    862
    865
    866
    867
    882
    884
    889
    893
    898
    899
    901
    902
    903
    911
    915
    917
    919
    920
    925
    927
    928
    930
    931
    932
    934
    936
    938
    941
    942
    947
    953
    954
    955
    956
    959
    960
    967
    969
    971
    978
    980
    981
    983
    986
    987
    990
    996
   1005
   1009
   1015
   1017
   1027
   1030
   1031
   1038
   1039
   1042
   1044
   1046
   1047
   1050
   1055
   1056
   1057
   1058
   1059
   1065
   1070
   1077
   1080
   1084
   1085
   1086
   1087
   1088
   1090
   1094
   1098
   1099
   1100
   1104
   1106
   1107
   1109
   1110
   1111
   1112
   1113
   1115
   1117
   1132
   1138
   1139
   1140
   1141
   1144
   1146
   1147
   1148
   1149
   1154
   1155
   1156
   1158
   1160
   1161
   1162
   1163
   1167
   1168
   1169
   1172
   1175
   1176
   1177
   1178
   1179
   1181
   1184
   1189
   1191
   1195
   1196
   1198
   1199
   1200
   1201
   1205
   1206
   1207
   1208
   1209
   1210
   1214
   1217
   1218
   1222
   1223
   1224
   1225
   1226
   1229
   1230
   1236
   1237
   1238
   1239
   1244
   1245
   1247
   1248
   1249
   1250
   1251
   1253
   1254
   1257
   1258
   1261
   1262
   1266
   1270
   1273
   1276
   1277
   1279
   1280
   1281
   1283
   1285
   1286
   1289
   1290
   1291
   1292
   1293
   1295
   1296
   1297
   1298
   1299
   1300
   1301
   1303
   1304
   1317
   1325
   1332
   1348
   1355
   1357
   1360
   1368
   1369
   1370
   1373
   1376
   1382
   1387
   1394
   1399
   1403
   1408
   1413
   1420
   1421
   1430
   1433
   1434
   1439
   1445
   1451
   1453
   1460
   1461
   1463
   1469
   1471
   1474
   1475
   1483
   1487
   1492
   1495
   1509
   1510
   1511
   1513
   1514
   1516
   1518
   1519
   1521
   1524
   1530
   1531
   1532
   1534
   1541
   1542
   1545
   1546
   1547
   1550
   1564
   1565
   1569
   1572
   1573
   1575
   1578
   1594
   1601
   1604
   1610
   1611
   1612
   1614
   1618
   1620
   1621
   1622
   1631
   1638
   1639
   1642
   1648
   1650
   1651
   1652
   1653
   1660
   1669
   1671
   1672
   1673
   1679
   1681
   1684
   1687
   1695
   1698
   1707
   1712
   1714
   1729
   1731
   1734
   1741
   1748
   1760
   1767
   1772
   1773
   1780
   1783
   1788
   1789
   1799
   1804
   1805
   1806
   1811
   1812
   1816
   1820
   1821
   1834
   1837
   1841
   1852
   1859
   1863
   1865
   1869
   1871
   1886
   1891
   1892
   1895
   1897
   1906
   1910
   1913
   1914
   1915
   1916
   1918
   1919
   1923
   1924
   1925
   1928
   1933
   1935
   1936
   1938
   1940
   1942
   1943
   1944
   1947
   1948
   1955
   1960
   1966
   1982
   1984
   1985
   1986
   1993
   1995
   1997
   1999
   2001
   2002
   2004
   2007
   2013
   2017
   2023
   2029
   2031
   2036
   2038
   2049
   2056
   2057
   2058
   2060
   2061
   2065
   2067
   2068
   2070
   2076
   2081
   2083
   2084
   2085
   2087
   2091
   2092
   2094
   2098
   2102
   2107
   2110
   2114
   2115
   2119
   2121
   2135
   2136
   2142
   2146
   2147
   2153
   2164
   2168
   2169
   2170
   2176
   2188
   2208
   2209
   2214
   2215
   2217
   2224
   2225
   2226
   2230
   2234
   2236
   2239
   2240
   2241
   2243
   2244
   2245
   2246
   2253
   2257
   2262
   2263
   2266
   2275
   2280
   2284
   2285
   2292
   2293
   2295
   2296
   2297
   2298
   2300
   2301
   2303
   2306
   2314
   2317
   2318
   2319
   2320
   2324
   2325
   2327
   2332
   2337
   2338
   2344
   2346
   2349
   2350
   2351
   2355
   2364
   2365
   2367
   2370
   2375
   2382
   2384
   2385
   2386
   2388
   2398
   2399
   2401
   2402
   2403
   2404
   2408
   2411
   2414
   2416
   2417
   2419
   2420
   2422
   2431
   2432
   2434
   2439
   2447
   2460
   2466
   2468
   2475
   2479
   2482
   2483
   2494
   2505
   2506
   2507
   2510
   2528
   2532
   2535
   2536
   2538
   2548
   2553
   2556
   2558
   2560
   2561
   2565
   2566
   2567
   2569
   2571
   2576
   2577
   2578
   2581
   2592
   2596
   2600
   2605
   2609
   2610
   2611
   2613
   2620
   2628
   2634
   2635
   2644
   2646
   2665
   2670
   2674
   2677
   2678
   2683
   2684
   2685
   2687
   2688
   2695
   2699
   2705
   2706
   2707
   2709
   2712
   2714
   2717
   2722
   2725
   2729
   2750
   2763
   2764
   2772
   2773
   2775
   2776
   2779
   2781
   2782
   2783
   2790
   2791
   2793
   2796
   2797
   2798
   2807
   2808
   2809
   2814
   2815
   2816
   2817
   2820
   2822
   2826
   2827
   2828
   2831
   2833
   2834
   2849
   2851
   2853
   2854
   2855
   2856
   2859
   2865
   2868
   2881
   2883
   2890
   2891
   2892
   2899
   2903
   2908
   2914
   2923
   2930
   2931
   2932
   2935
   2937
   2940
   2942
   2945
   2958
   2961
   2964
   2966
   2974
   2978
   2979
   2982
   2983
   2984
   2988
   2991
   2996
   2998
   3002
   3008
   3016
   3020
   3024
   3025
   3028
   3032
   3034
   3037
   3039
   3042
   3045
   3059
   3062
   3063
   3066
   3068
   3069
   3071
   3072
   3073
   3081
   3085
   3087
   3090
   3093
   3095
   3097
   3099
   3100
   3103
   3104
   3111
   3114
   3116
   3120
   3126
   3129
   3133
   3138
   3139
   3146
   3150
   3154
   3155
   3156
   3158
   3159
   3160
   3164
   3165
   3166
   3167
   3168
   3169
   3170
   3172
   3173
   3177
   3182
   3187
   3191
   3195
   3197
   3199
   3213
   3216
   3217
   3218
   3219
   3224
   3229
   3230
   3231
   3233
   3244
   3245
   3246
   3247
   3248
   3249
   3253
   3255
   3256
   3260
   3261
   3263
   3266
   3269
   3275
   3276
   3278
   3288
   3300
   3303
   3311
   3314
   3316
   3317
   3337
   3338
   3342
   3345
   3347
   3349
   3350
   3363
   3365
   3367
   3372
   3374
   3378
   3382
   3393
   3404
   3405
   3406
   3407
   3408
   3411
   3412
   3413
   3414
   3417
   3421
   3426
   3432
   3433
   3434
   3435
   3436
   3438
   3439
   3446
   3447
   3459
   3460
   3464
   3466
   3468
   3469
